10485760S,0C
4902 1
7341 1
7734 1
2303 1
44138 1
2066 1
9177 1
3100 1
1555 1
3321 1
8896 1
10117 1
3585 1
18675 1
3369 1
2351 1
2352 1
2004 1
3370 1
3374 1
2649 1
1961 1
17991 1
6597 1
6597 1
4156 1
3593 1
33769 1
3964 1
1970 1
1976 1
4229 1
36904 1
3228 1
3225 1
2016 1
1405 1
2671 1
2238 1
1849 1
3102 1
3691 1
2556 1
3141 1
5498 1
9725 1
3475 1
19506 1
2088 1
2479 1
4629 1
2865 1
11052 1
2089 1
3156 1
2103 1
2534 1
3756 1
9359 1
1804 1
3718 1
6647 1
8399 1
8701 1
3030 1
3063 1
6765 1
8755 1
2615 1
1900 1
5277 1
4672 1
31559 1
5552 1
7046 1
1984 1
12581 1
5309 1
6539 1
821 1
3715 1
3974 1
3270 1
3875 1
4875 1
5537 1
8468 1
297820 1
10122 1
2016 1
2008 1
2192 1
1814 1
2838 1
29431 1
3791 1
3783 1
8716 1
3881 1
7152 1
19607 1
8857 1
7368 1
7915 1
5884 1
5112 1
9322 1
9435 1
4341 1
9016 1
9370 1
2944 1
1665 1
4810 1
4797 1
5176 1
12102 1
9459 1
5898 1
3229 1
4650 1
4455 1
4003 1
146117 1
6861 1
209875 1
6855 1
9664 1
3190 1
5741 1
19717 1
3018 1
5280 1
2462 1
8540 1
4294 1
2519 1
26606 1
2902 1
3061 1
2634 1
4227 1
4690 1
3875 1
2660 1
7777 1
6098 1
5625 1
10284 1
3941 1
2636 1
1395 1
39882 1
3031 1
4108 1
7526 1
9276 1
3188 1
1499 1
2535 1
7415 1
2928 1
4407 1
4600 1
4179 1
2312 1
5118 1
5118 1
4388 1
11634 1
11484 1
4542 1
1257 1
8889 1
5012 1
1439 1
1994 1
3307 1
7449 1
7470 1
4744 1
4511 1
3934 1
4626 1
7813 1
2962 1
5047 1
4067 1
2257 1
2426 1
4546 1
3842 1
4460 1
3931 1
9272 1
2747 1
2505 1
1275 1
2420 1
7647 1
1053 1
1352 1
2072 1
5632 1
3928 1
1975 1
1400 1
2342 1
1955 1
2312 1
950 1
2905 1
3386 1
16047 1
4302 1
90335 1
1950 1
1932 1
12563 1
4292 1
2590 1
4236 1
3354 1
6912 1
6933 1
2748 1
5657 1
32538 1
1423 1
2909 1
1423 1
3435 1
5022 1
14146 1
10192 1
11333 1
11018 1
10585 1
4549 1
6807 1
2395 1
4499 1
11875 1
8069 1
2504 1
11544 1
7060 1
51179 1
6643 1
7048 1
7498 1
2132 1
10749 1
6116 1
2369 1
4942 1
2329 1
1607 1
4264 1
4262 1
16118 1
1567 1
5069 1
9891 1
2386 1
2386 1
6484 1
3916 1
3046 1
4701 1
2309 1
11359 1
4004 1
5346 1
5104 1
24181 1
1400 1
3535 1
1804 1
5217 1
2911 1
3855 1
3206 1
2840 1
7553 1
913 1
4197 1
2330 1
21624 1
11717 1
2682 1
12252 1
12252 1
891 1
4010 1
9713 1
2483 1
10405 1
